47
73
93
95
98
101
102
103
104
105
106
107
108
109
110
111
112
114
115
116
117
118
120
121
122
123
124
126
127
128
129
131
132
133
139
141
144
147
148
149
150
151
152
154
155
156
157
159
160
161
162
164
165
166
168
169
170
176
178
181
184
185
186
187
189
190
191
193
194
200
202
205
208
209
210
211
212
213
214
220
222
225
228
229
230
231
232
233
235
236
237
243
245
248
251
252
253
254
255
257
258
259
265
267
270
273
274
275
276
277
278
279
280
285
287
288
289
290
291
292
293
294
295
296
297
298
299
300
301
302
303
304
345
348
350
352
353
354
355
356
359
362
363
364
365
366
368
369
370
371
372
374
375
376
377
378
380
381
382
383
384
386
387
388
389
390
392
393
394
395
396
397
398
401
404
409
411
413
415
417
423
443
449
450
453
457
462
465
466
476
483
487
504
505
506
507
510
512
514
515
524
554
560
563
564
565
566
567
572
575
576
577
582
585
586
587
592
595
596
597
602
608
614
708
751
753
756
761
766
768
769
770
771
818
823
835
839
855
865
867
878
882
884
885
886
887
888
889
890
891
892
893
896
898
899
900
901
902
903
904
905
906
909
911
912
913
914
915
916
917
918
921
923
924
925
926
927
928
929
930
931
934
936
937
938
939
940
941
942
943
947
948
949
950
951
952
953
956
957
959
962
963
964
968
970
973
975
976
977
978
979
980
981
982
983
984
986
1001
1004
1011
1015
1025
1040
1045
1049
1054
1055
1059
1061
1062
1063
1064
1066
1081
1085
1096
1100
1104
1105
1106
1107
1108
1111
1115
1123
1131
1133
1135
1137
1138
1139
1140
1141
1142
1143
1144
1145
1146
1148
1149
1150
1152
1156
1158
1159
1160
1161
1162
1163
1164
1165
1168
1170
1171
1172
1173
1174
1175
1176
1177
1180
1182
1183
1184
1185
1186
1187
1188
1189
1192
1194
1195
1196
1197
1198
1199
1200
1201
1204
1206
1207
1208
1209
1210
1211
1215
1216
1217
1218
1219
1220
1223
1226
1231
1232
1233
1234
1235
1236
1237
1238
1241
1245
1246
1249
1251
1252
1253
1254
1255
1256
1257
1267
1279
1283
1293
1303
1315
1325
1327
1334
1338
1344
1356
1364
1386
1389
1391
1409
1412
1423
1424
1425
1426
1427
1432
1457
1487
1488
1489
1490
1491
1492
1493
1494
1495
1514
1525
1535
1537
1539
1540
1541
1542
1543
1544
1545
1546
1547
1548
1549
1550
1551
1561
1565
1566
1570
1571
1575
1576
1580
1581
1585
1588
1590
1594
1597
1602
1603
1605
1611
1612
1616
1625
1627
1628
1629
1630
1631
1632
1633
1635
1637
1638
1639
1640
1641
1642
1643
1644
1645
1646
1647
1648
1649
1650
1652
1653
1654
1655
1656
1658
1660
1662
1664
1671
1696
1700
1701
1705
1706
1710
1711
1715
1716
1720
1721
1725
1726
1730
1731
1735
1736
1740
1741
1745
1746
1747
1752
1753
1757
1758
1762
1767
1771
1773
1787
1790
1793
1794
1796
1797
1798
1799
1800
1802
1806
1808
1810
1814
1816
1820
1822
1823
1824
1825
1827
1828
1829
1831
1832
1833
1834
1835
1836
1838
1840
1844
1846
1847
1848
1849
1851
1852
1853
1854
1855
1857
1870
1873
1874
1876
1877
1878
1879
1880
1883
1884
1886
1890
1899
1900
1901
1902
1903
1910
1912
1915
1922
1924
1925
1926
1927
1930
1931
1933
1935
1937
1938
1939
1940
1945
1956
1959
1963
1966
1975
1987
1990
1991
1993
1994
1995
1996
2004
2012
2024
2032
2034
2035
2036
2037
2038
2039
2040
2054
2064
2066
2068
2069
2070
2071
2073
2074
2075
2076
2078
2079
2080
2081
2083
2084
2085
2086
2088
2089
2090
2091
2093
2094
2095
2096
2097
2106
2117
2119
2121
2122
2123
2124
2125
2127
2128
2129
2130
2132
2133
2134
2135
2136
2138
2139
2140
2141
2143
2144
2145
2146
2148
2157
2168
2170
2172
2173
2174
2175
2177
2178
2179
2180
2182
2183
2184
2185
2187
2188
2189
2190
2192
2193
2194
2195
2197
2198
2199
2200
2201
2210
2220
2222
2224
2225
2226
2227
2228
2230
2231
2232
2233
2235
2236
2237
2238
2240
2241
2242
2243
2244
2246
2247
2248
2249
2251
2260
2271
2273
2275
2276
2277
2278
2280
2281
2282
2283
2285
2286
2287
2288
2290
2291
2292
2293
2295
2296
2297
2298
2300
2301
2302
2303
2305
2306
2307
2309
2310
2311
2312
2313
2314
2322
2329
2341
2343
2345
2346
2347
2349
2350
2351
2352
2354
2355
2356
2357
2359
2360
2361
2363
2364
2365
2366
2368
2369
2370
2372
2373
2374
2375
2377
2378
2379
2380
2381
2382
2383
2387
2399
2411
2413
2414
2415
2416
2417
2419
2420
2421
2422
2423
2425
2427
2432
2434
2440
2442
2443
2444
2445
2447
2448
2449
2450
2451
2453
2454
2455
2456
2457
2459
2460
2461
2462
2464
2465
2466
2468
2476
2481
2483
2484
2485
2486
2488
2489
2490
2491
2493
2494
2495
2497
2498
2499
2501
2510
2515
2517
2518
2519
2520
2521
2523
2524
2528
2537
2543
2545
2546
2547
2548
2549
2550
2551
2553
2562
2568
2570
2571
2572
2573
2575
2576
2577
2578
2580
2581
2582
2584
2585
2586
2588
2589
2590
2592
2601
2608
2617
2619
2620
2621
2622
2623
2624
2625
2626
2627
2629
2630
2631
2632
2634
2635
2649
2655
2658
2661
2663
2665
2666
2667
2668
2669
2670
2671
2672
2673
2674
2676
2677
2678
2679
2680
2681
2682
2683
2685
2691
2705
2712
2718
2732
2741
2742
2743
2744
2747
2748
2749
2751
2755
2756
2758
2759
2763
2764
2765
2766
2769
2770
2771
2772
2773
2774
2783
2788
2810
2812
2813
2815
2817
2819
2821
2825
2834
2842
2844
2851
2870
2872
2874
2875
2876
2878
2887
2895
2907
2937
2971
2981
2988
2996
2998
2999
3015
3030
3035
3041
3044
3046
3047
3049
3051
3052
3053
3055
3057
3059
3064
3066
3073
3076
3077
3079
3082
3083
3086
3087
3090
3092
3094
3098
3106
3108
3117
3143
3148
3164
3171
3181
3197
3204
3210
3219
3228
3235
3260
3266
3267
3268
3269
3270
3271
3272
3273
3274
3275
3276
3277
3278
3279
3280
3281
3284
3292
3295
3300
3304
3305
3310
3314
3315
3321
3383
3385
3391
3393
3399
3400
3404
3408
3416
3417
3418
3420
3421
3422
3424
3425
3427
3428
3429
3430
3474
3489
3492
3495
3496
3510
3516
3521
3538
3540
3548
3550
3563
3574
3581
3582
3583
3587
3603
3611
3628
3639
3657
3664
3665
3671
3676
3677
3700
3707
3712
3713
3730
3737
3751
3753
3778
3780
3781
3799
3813
3819
3848
3856
3858
3859
3860
3861
3862
3863
3899
3901
3902
3903
3904
3905
3907
3908
3909
3910
3911
3915
3922
3923
3930
3960
3963
3969
3970
3971
3995
4024
4030
4089
4092
4096
4104
4140
4148
4151
4199
4213
4230
4231
4245
4252
4263
4290
4310
4320
4339
4385
4405
4413
4420
4437
4438
4439
4440
4461
4462
4470
4489
4494
4500
4501
4502
4503
4504
4509
4514
4520
4525
4532
4537
4542
4555
4565
4577
4593
4600
4608
4628
4635
4638
4641
4643
4647
4649
4650
4651
4652
4653
4655
4662
4668
4677
